----- Lab 01 -----

Defining numerical values from data.txt
A =

   1.0175
   2.0344
   3.0846
   4.1691
   3.0077
   2.0421
   1.0059
   5.1346
   1.0357
   7.2942
   8.3898

R1 =  1.0175
R2 =  2.0344
R3 =  3.0846
R4 =  4.1691
R5 =  3.0077
R6 =  2.0421
R7 =  1.0059
Vs =  5.1346
C =  1.0357
Kb =  7.2942
Kd =  8.3898
Stationary vaules for t < 0s (from nodal analysis):
node1 =

   1   0   0   0   0   0   0

node2 =

  -0.98282   1.79856  -0.49155  -0.32419   0.00000   0.00000   0.00000

node3 =

   0.00000   7.78579  -0.49155  -7.29424   0.00000   0.00000   0.00000

node4 =

  -0.98282   0.98282   0.00000   0.23986   0.00000   0.48969   0.00000

node5 =

   0.00000   0.00000   0.00000   1.00000   0.00000   4.10839  -1.00000

node6 =

   0.00000   7.29424   0.00000  -7.62672   0.33248   0.00000   0.00000

node7 =

   0.00000   0.00000   0.00000   0.00000   0.00000  -1.48385   0.99416

nodal =

   1.00000   0.00000   0.00000   0.00000   0.00000   0.00000   0.00000
  -0.98282   1.79856  -0.49155  -0.32419   0.00000   0.00000   0.00000
   0.00000   7.78579  -0.49155  -7.29424   0.00000   0.00000   0.00000
  -0.98282   0.98282   0.00000   0.23986   0.00000   0.48969   0.00000
   0.00000   0.00000   0.00000   1.00000   0.00000   4.10839  -1.00000
   0.00000   7.29424   0.00000  -7.62672   0.33248   0.00000   0.00000
   0.00000   0.00000   0.00000   0.00000   0.00000  -1.48385   0.99416

b =

   5.13456
   0.00000
   0.00000
   0.00000
   0.00000
   0.00000
   0.00000

sol_op =

   5.1346
   4.8716
   4.3213
   4.9086
   5.7222
  -1.8765
  -2.8008

fileID2 =  19
Calculating Equivalent resistence with b.c. V(6)-V(8)
Vx =  8.5230
eq2 =

  -1.79856   0.49155   0.00000   0.00000   0.00000   0.00000   0.00000

eq3 =

  -7.78579   0.49155   7.29424   0.00000   0.00000   0.00000   0.00000

eq5 =

   0.00000   0.00000  -1.00000   0.00000  -4.10839   1.00000   0.00000

eq4 =

  -0.98282   0.00000  -0.23986   0.00000  -0.48969   0.00000   0.00000

eq6 =

  -7.29424   0.00000   7.62672  -0.33248   0.00000   0.00000   1.00000

eq7 =

   0.00000   0.00000   0.00000   0.00000  -0.50447  -0.99416   0.00000

eq8 =

   0   0   0   1   0  -1   0

matrix =

  -1.79856   0.49155   0.00000   0.00000   0.00000   0.00000   0.00000
  -7.78579   0.49155   7.29424   0.00000   0.00000   0.00000   0.00000
  -0.98282   0.00000  -0.23986   0.00000  -0.48969   0.00000   0.00000
   0.00000   0.00000  -1.00000   0.00000  -4.10839   1.00000   0.00000
  -7.29424   0.00000   7.62672  -0.33248   0.00000   0.00000   1.00000
   0.00000   0.00000   0.00000   0.00000  -0.50447  -0.99416   0.00000
   0.00000   0.00000   0.00000   1.00000   0.00000  -1.00000   0.00000

b =

   0.00000
   0.00000
   0.00000
   0.00000
   0.00000
   0.00000
   8.52305

sol_n =

   3.6388e-17
   4.4223e-16
   9.0389e-18
   8.5230e+00
  -2.5893e-18
  -3.3166e-19
   2.8338e+00

Req =  3.0077
Ploting natural solutuion for Vc
Symbolic pkg v2.8.0: Python communication link active, SymPy v1.5.1.
V =  5.6893
vn = (sym)

     -t 
     ───
     c⋅r
  v⋅ℯ   

vn = (sym)

               -t 
               ───
               c⋅r
  8.523048798⋅ℯ   

vn = (sym)

               -0.96549492249⋅t 
               ─────────────────
                       r        
  8.523048798⋅ℯ                 

vn = (sym)

               -0.32100971396⋅t
  8.523048798⋅ℯ                

hf =  1
chr = 8.523048798 e^{- 0.32100971396 t}
ans = 0
Forced solution t > 0 ms
node1 =

   1   0   0   0   0   0   0

node2 =

  -0.98282   1.79856  -0.49155  -0.32419   0.00000   0.00000   0.00000

node3 =

   0.00000   7.78579  -0.49155  -7.29424   0.00000   0.00000   0.00000

node4 =

  -0.98282   0.98282   0.00000   0.23986   0.00000   0.48969   0.00000

node5 =

   0.00000   0.00000   0.00000   1.00000   0.00000   4.10839  -1.00000

node6 =

 Columns 1 through 3:

   0.00000 + 0.00000i   7.29424 + 0.00000i   0.00000 + 0.00000i

 Columns 4 through 6:

  -7.62672 + 0.00000i   0.33248 + 6.50774i   0.00000 + 0.00000i

 Column 7:

  -0.00000 - 6.50774i

node7 =

   0.00000   0.00000   0.00000   0.00000   0.00000  -1.48385   0.99416

nodal =

 Columns 1 through 3:

   1.00000 + 0.00000i   0.00000 + 0.00000i   0.00000 + 0.00000i
  -0.98282 + 0.00000i   1.79856 + 0.00000i  -0.49155 + 0.00000i
   0.00000 + 0.00000i   7.78579 + 0.00000i  -0.49155 + 0.00000i
  -0.98282 + 0.00000i   0.98282 + 0.00000i   0.00000 + 0.00000i
   0.00000 + 0.00000i   0.00000 + 0.00000i   0.00000 + 0.00000i
   0.00000 + 0.00000i   7.29424 + 0.00000i   0.00000 + 0.00000i
   0.00000 + 0.00000i   0.00000 + 0.00000i   0.00000 + 0.00000i

 Columns 4 through 6:

   0.00000 + 0.00000i   0.00000 + 0.00000i   0.00000 + 0.00000i
  -0.32419 + 0.00000i   0.00000 + 0.00000i   0.00000 + 0.00000i
  -7.29424 + 0.00000i   0.00000 + 0.00000i   0.00000 + 0.00000i
   0.23986 + 0.00000i   0.00000 + 0.00000i   0.48969 + 0.00000i
   1.00000 + 0.00000i   0.00000 + 0.00000i   4.10839 + 0.00000i
  -7.62672 + 0.00000i   0.33248 + 6.50774i   0.00000 + 0.00000i
   0.00000 + 0.00000i   0.00000 + 0.00000i  -1.48385 + 0.00000i

 Column 7:

   0.00000 + 0.00000i
   0.00000 + 0.00000i
   0.00000 + 0.00000i
   0.00000 + 0.00000i
  -1.00000 + 0.00000i
  -0.00000 - 6.50774i
   0.99416 + 0.00000i

b =

   1
   0
   0
   0
   0
   0
   0

sol_f =

   1.00000 + 0.00000i
   0.94878 - 0.00000i
   0.84160 - 0.00000i
   0.95600 + 0.00000i
  -0.54116 - 0.08459i
  -0.36547 + 0.00000i
  -0.54548 + 0.00000i

fileID4 =  30
ans = 0
sol_f_c = -0.541163 - 0.084586i
Vf1 = (sym) amp⋅sin(phase + 6.2831853071795862319959269370884⋅t)
Vf1 = (sym) 0.54773358245⋅sin(phase + 6.2831853071795862319959269370884⋅t)
Vf1 = (sym) 0.54773358245⋅sin(6.2831853071795862319959269370884⋅t - 2.9865432432)
fileID6 =  30
chr = 0.54773358245 \sin{\left(6.2831853071795862319959269370884 t - 2.9865432432 \right)}
hf =  2
Full solution -5 < t < 20 ms
hf =  3
yS =  1
yT =  8.5230
fileID7 =  31
full = (sym)

                                                                                       -0.32100971396⋅t
  0.54773358245⋅sin(6.2831853071795862319959269370884⋅t - 2.9865432432) + 8.523048798⋅ℯ                

chr = 0.54773358245 \sin{\left(6.2831853071795862319959269370884 t - 2.9865432432 \right)} + 8.523048798 e^{- 0.32100971396 t}
yes1 = (sym) v₁ = Vi
yes2 = (sym) -0.98282080967⋅v₁ + 1.7985641116⋅v₂ - 0.49154880886⋅v₃ - 0.32419449308⋅v₅ = 0
yes3 = (sym) 7.7857851462⋅v₂ - 0.49154880886⋅v₃ - 7.2942363373⋅v₅ = 0
yes4 = (sym) -0.98282080967⋅v₁ + 0.98282080967⋅v₂ + 0.23985995753⋅v₅ + 0.48968880019⋅v₇ = 0
yes5 = (sym) v₅ + 4.108391108⋅v₇ - v₈ = 0
yes6 = (sym) -6.5077352151902913304321239444344⋅ⅈ⋅f⋅v₈ + 7.2942363373⋅v₂ - 7.6267183696⋅v₅ + v₆⋅(6.5077352151902913304321239444344⋅ⅈ⋅f + 0.33248203225) = 0
yes7 = (sym) -1.4838525402⋅v₇ + 0.99416374004⋅v₈ = 0
S =

  scalar structure containing the fields:

    v1 =

      <class sym>

    v2 =

      <class sym>

    v3 =

      <class sym>

    v5 =

      <class sym>

    v6 =

      <class sym>

    v7 =

      <class sym>

    v8 =

      <class sym>


T1 = (sym)

  -2.58398734354048e+72⋅ⅈ⋅f + 2.69716941607415e+71
  ────────────────────────────────────────────────
   4.73705055795528e+72⋅ⅈ⋅f + 2.4201725243886e+71 

T2 = (sym)

  3.92318858461668e+56⋅ⅈ⋅f + 4.0173358562871e+71
  ──────────────────────────────────────────────
  4.73705055795528e+72⋅ⅈ⋅f + 2.4201725243886e+71

fileID8 =  32
chr = \frac{- 2.58398734354048 \cdot 10^{72} i f + 2.69716941607415 \cdot 10^{71}}{4.73705055795528 \cdot 10^{72} i f + 2.4201725243886 \cdot 10^{71}}
chr = \frac{3.92318858461668 \cdot 10^{56} i f + 4.0173358562871 \cdot 10^{71}}{4.73705055795528 \cdot 10^{72} i f + 2.4201725243886 \cdot 10^{71}}
freq_1 =

@(f) (-2.58398734354048e+72 * 1i * f + 2.69716941607415e+71) ./ (4.73705055795528e+72 * 1i * f + 2.4201725243886e+71)

freq_2 =

@(f) (3.92318858461668e+56 * 1i * f + 4.0173358562871e+71) ./ (4.73705055795528e+72 * 1i * f + 2.4201725243886e+71)

hf =  4
hf =  5
